15155772703
14115904328
3601931120
2766429499
2250623013
1907657857
1653887075
1470824182
1456862123
1427828354
1341150857
1303576442
1285661722
1255536136
1130863681
1113882294
1066131123
1023323813
970915527
881589240
870198713
830632882
801430410
801217774
795295548
785984756
768663211
757022675
755813911
752085976
745003247
714770581
687297941
680458030
678688598
652854363
643293401
635693222
615977244
612125775
559900620
554637373
533247665
512030516
510999558
506273115
499504911
495070179
484418593
472596338
469815312
453213580
448119221
446303593
444291722
432336666
427765632
420272980
415867738
411837327
407656167
398111151
392360652
390390665
386932021
383067222
380903138
375538323
373428413
371975778
371189035
368522815
357943032
356331427
348815880
348690055
341431948
340711435
339780132
330600304
329047390
324306690
321732044
320709818
316782915
311030445
310571093
300567911
297305940
293232701
291010128
288354400
283283279
279942358
277888845
274411819
272996770
269764044
269563756
269223435
