13144813008
12166924605
3492504041
2699009633
2082590080
1838538390
1623322706
1427294481
1276963471
1245368602
1235068990
1223824332
1221901176
1176454422
1088427537
1076040946
1044716698
975441344
927696892
899235307
852354283
816370845
795855742
772037511
770817379
749163570
735530432
702630525
688284667
681346610
679184511
670401290
651066654
609615998
581450733
579685631
527491764
524305844
491762640
485599878
476157249
475090833
461946056
460236514
455081939
441157575
434747894
426281972
415640537
415149508
407757896
407526763
400971529
391036960
390933618
378265979
373113020
366745897
362616607
361836122
358078183
357090658
349600336
343445624
340530404
339292898
329579348
327855412
326220384
325370059
322214812
318140976
317349778
309523952
308926380
298037703
293292642
289306957
287882202
287170073
284787650
284676741
282070203
279572221
277077832
275241216
274202130
271763804
271356297
267772530
265987228
264185834
262424009
258355474
257647741
253888602
252069608
246032845
245833993
244769591
